xhb_init = 1
xa_init = 1
pm_init = 0.5
pgs_init = 0.5
pt_init = 0.5
tau_hb = 1
tau_m = 5.158849376957278
tau_gs = 1
tau_t = 1e-9
c_min = 1
s_min = 1e-9
s_max = 0.8535403153475086
ca2_m = 1
ca2_gs = 1000
u_gs_max = 26.372563002269686
delta_e = 0.11822429415603053
k_gs_min = 0.8446290946640642
chi_hb = 1
chi_a = 1.1549428868706748
x_c = 1e-9
eta_hb = 0.03
eta_a = 0.03